2537 2483 2475 2480 2518 2532 2480 2478 2431 2428 2440 2426 2411 2379 2330 2383 2331 2274 2323 2308 2289 2275 2273 2178 2139 2112 2104 2095 2118 2124 2125 2135 2132 2134 2134 2131 2137 2137 2117 2106 2086 2009 2049 2102 2113 2144 2182 2195 2208 2209 2166 2142 2143 2136 2108 2132 2113 2095 2094 2092 2096 2094 2043 2083 2075 2040 2037 2053 2062 2077 2146 2149 2145 2122 2111 2112 2112 2098 2089 2072 2060 2048 2032 2005 2001 2022 2043 2059 2058 2044 2054 2050 2014 2000 1990 1982 2003 2019 1979 2001 
2541 2549 2614 2700 2647 2746 2690 2621 2550 2487 2458 2419 2388 2387 2418 2393 2351 2302 2323 2313 2304 2288 2289 2176 2146 2142 2147 2142 2130 2095 2070 2099 2116 2109 2121 2124 2120 2127 2132 2101 2077 2001 2066 2087 2142 2172 2191 2211 2197 2167 2150 2133 2110 2080 2097 2119 2106 2081 2082 2086 2082 2072 2071 2033 2030 2047 2045 2055 2079 2093 2169 2160 2137 2136 2125 2100 2067 2097 2088 2071 2060 2049 2020 2033 1987 1995 2029 2011 2014 2025 2020 2014 2006 1987 1974 1973 1978 2000 1988 1964 
2525 2525 2640 2769 2802 2883 2856 2694 2631 2574 2495 2464 2470 2484 2434 2352 2377 2346 2333 2313 2256 2221 2199 2194 2173 2149 2133 2124 2128 2122 2117 2062 2045 2091 2047 2091 2109 2080 2091 2054 2055 2002 2092 2126 2137 2148 2164 2180 2157 2137 2123 2115 2108 2087 2084 2073 2095 2072 2054 2058 2011 2020 2021 2021 2038 2080 2067 2059 2069 2091 2149 2159 2147 2129 2132 2106 2079 2065 2067 2058 2044 2060 2009 1987 1980 1978 1970 1968 1966 1966 1989 2034 2030 2024 2005 1970 1969 1955 1972 1957 
2514 2505 2526 2614 2717 2715 2867 2836 2771 2644 2588 2550 2507 2438 2480 2491 2435 2421 2359 2310 2272 2230 2211 2191 2192 2166 2151 2128 2111 2106 2102 2103 2109 2086 2030 2020 2018 2016 2011 2056 1993 1993 2086 2096 2130 2125 2138 2147 2137 2123 2105 2053 2093 2089 2026 2096 2075 2065 2016 2015 2093 2068 2069 2059 2069 2095 2099 2070 2079 2101 2164 2169 2153 2133 2107 2119 2108 2092 2045 2095 2031 2005 2000 2005 2012 1992 1978 2011 1985 1967 1968 1956 1952 1955 1946 1938 1934 1936 1940 1967 
2506 2482 2480 2528 2518 2561 2586 2662 2654 2593 2549 2562 2538 2544 2573 2600 2558 2470 2460 2340 2291 2247 2217 2191 2178 2150 2156 2143 2135 2124 2110 2115 2103 2036 2078 2101 2102 2087 1995 2007 1985 2048 2090 2112 2122 2096 2115 2113 2107 2091 2089 2067 2061 2088 2050 1998 2002 1999 2036 2076 2096 2096 2107 2085 2077 2112 2104 2095 2097 2117 2181 2168 2156 2144 2130 2094 2103 2120 2054 2026 2018 2023 2036 2031 2021 1994 1989 1985 1986 2026 2019 2018 1968 1955 1963 1972 1951 1941 1929 1923 
2527 2477 2464 2459 2452 2475 2480 2500 2518 2546 2546 2576 2605 2697 2770 2783 2676 2616 2503 2441 2357 2269 2234 2198 2175 2153 2134 2121 2116 2094 2086 2091 2119 2115 2124 2121 2110 2098 2083 2058 1991 1978 2034 2085 2087 2091 2087 2082 2081 2078 2019 2014 2005 1991 1985 1996 2035 2075 2088 2086 2097 2119 2116 2115 2114 2123 2120 2110 2111 2145 2189 2180 2160 2140 2137 2135 2113 2055 2053 2089 2062 2062 2032 2023 2013 2011 2005 2018 2044 2036 2023 1970 2002 2018 2022 1973 1950 1948 1955 1927 
2544 2505 2488 2454 2442 2445 2446 2467 2470 2461 2478 2565 2741 2784 2820 2897 2783 2749 2531 2448 2343 2283 2218 2181 2178 2138 2127 2120 2107 2116 2121 2124 2134 2128 2113 2107 2105 2103 2088 2077 2019 1984 1973 2006 2002 2073 2075 2071 1998 1991 1972 1967 2035 2016 2101 2025 2058 2102 2093 2100 2105 2110 2099 2116 2106 2103 2108 2139 2132 2164 2197 2180 2163 2164 2159 2114 2122 2086 2121 2083 2116 2059 2051 2041 2036 2030 2005 2084 2066 2035 1990 2014 2040 2018 1983 1975 1983 1979 1955 1954 
2528 2486 2464 2446 2434 2436 2442 2444 2450 2452 2501 2497 2551 2599 2661 2734 2761 2760 2599 2459 2335 2269 2232 2208 2179 2158 2156 2159 2142 2148 2135 2131 2134 2120 2115 2108 2106 2090 2082 2069 2062 2052 1979 1946 2034 2070 2062 1964 1953 1969 2027 1995 2024 2115 2114 2098 2092 2115 2095 2088 2078 2091 2069 2081 2081 2072 2107 2093 2127 2216 2200 2190 2184 2172 2105 2132 2150 2165 2128 2138 2121 2061 2105 2061 2039 2030 2014 2094 2054 2041 2023 2045 2048 2021 1982 1988 2034 1992 1962 1983 
2464 2505 2482 2456 2433 2463 2462 2489 2467 2455 2451 2447 2469 2466 2535 2535 2535 2509 2484 2367 2278 2248 2222 2205 2191 2173 2164 2154 2154 2151 2148 2137 2125 2114 2093 2088 2085 2062 2072 2042 2068 2064 2061 2019 1940 1984 1960 1966 2021 2058 2091 2096 2038 2069 2130 2123 2132 2105 2086 2076 2066 2075 2049 2081 2055 2058 2072 2091 2119 2228 2216 2185 2167 2128 2143 2162 2149 2178 2177 2138 2096 2135 2122 2070 2050 2030 2037 2079 2050 2025 2007 2062 2051 2008 2035 2000 2033 1997 1994 1968 
2532 2541 2519 2515 2496 2502 2529 2519 2553 2538 2510 2490 2451 2393 2381 2378 2349 2394 2363 2358 2309 2254 2236 2220 2162 2147 2133 2146 2100 2137 2141 2152 2117 2110 2098 2044 2029 2033 2007 2050 2007 1971 1991 1960 2028 1929 1956 2000 2094 2106 2106 2118 2092 2117 2095 2124 2114 2092 2069 2063 2044 2041 2038 2048 2044 2078 2067 2089 2114 2178 2213 2185 2157 2176 2172 2197 2206 2197 2142 2113 2174 2154 2116 2062 2097 2070 2088 2102 2082 2042 2024 2082 2057 2050 2047 2035 2055 2050 1972 1958 
2521 2535 2550 2567 2557 2569 2586 2590 2582 2575 2573 2580 2543 2508 2422 2364 2356 2293 2260 2248 2231 2181 2161 2204 2169 2111 2145 2134 2074 2070 2070 2125 2103 2092 2078 2069 2038 2012 2048 1957 1996 2048 1943 1931 1931 1953 2005 2093 2098 2086 2093 2115 2078 2053 2072 2071 2072 2065 2049 2045 2035 2016 2018 2027 2057 2058 2088 2101 2189 2224 2222 2232 2223 2238 2231 2223 2220 2214 2156 2157 2137 2120 2094 2114 2127 2088 2110 2118 2084 2084 2056 2063 2089 2081 2045 2063 2109 1987 1939 1905 
2433 2461 2443 2510 2507 2497 2558 2569 2575 2590 2608 2617 2586 2533 2496 2493 2456 2439 2381 2368 2323 2336 2298 2282 2192 2174 2172 2159 2113 2137 2071 2178 2015 2001 1992 1982 1979 1964 1944 1990 1960 1985 1913 1951 2043 2082 2079 2055 2032 2013 2029 2059 2003 2052 2034 2019 2053 2031 2021 2013 2022 2025 2023 2045 2064 2095 2099 2130 2180 2262 2270 2272 2256 2249 2241 2183 2208 2205 2223 2183 2140 2138 2141 2140 2104 2140 2169 2131 2108 2081 2098 2066 2138 2095 2088 2096 2014 1944 1934 1901 
2183 2310 2261 2321 2297 2336 2400 2414 2546 2592 2567 2560 2576 2562 2589 2547 2567 2533 2499 2468 2472 2425 2390 2414 2362 2377 2414 2274 2167 2086 2115 2109 2088 2080 2066 2069 2064 2051 2020 1920 1910 1916 1953 1990 2078 2090 2063 2008 1991 2003 2026 2005 1981 2010 2011 1994 2004 1979 1990 1994 2016 2022 2043 2054 2062 2089 2108 2222 2267 2301 2271 2229 2232 2202 2195 2164 2157 2170 2169 2178 2209 2232 2207 2148 2159 2190 2188 2165 2181 2175 2131 2132 2155 2137 2138 2137 2153 1972 1949 1923 
2070 2181 2206 2163 2154 2094 2132 2302 2420 2438 2488 2519 2538 2538 2568 2590 2599 2583 2551 2529 2503 2505 2506 2471 2380 2421 2521 2358 2228 2177 2121 2100 2095 2064 2062 2054 2009 1960 1933 1913 1906 1956 2032 2053 2042 2033 2057 2036 2006 1950 1986 1994 1992 1965 1946 1985 2005 2013 2033 2022 2021 2067 2069 2091 2100 2106 2178 2340 2314 2244 2242 2232 2138 2145 2174 2152 2139 2105 2143 2158 2185 2218 2203 2233 2228 2216 2206 2200 2198 2189 2172 2176 2147 2171 2073 2117 2023 1936 1929 1888 
1954 1966 1970 2012 2062 1993 2048 2138 2172 2286 2315 2399 2405 2520 2545 2507 2520 2543 2558 2539 2528 2514 2490 2480 2454 2423 2496 2410 2248 2186 2150 2119 2102 2071 2007 2037 1951 1916 1889 1920 1960 2031 2034 2013 2026 2002 2016 2000 1995 1978 1974 1934 1931 1958 1980 1989 2013 2023 2028 2049 2063 2067 2093 2110 2149 2266 2349 2305 2276 2238 2159 2171 2169 2123 2139 2126 2108 2067 2111 2119 2133 2164 2257 2252 2242 2236 2228 2219 2219 2211 2206 2201 2201 2072 2059 1955 1951 1916 1891 1877 
1827 1823 1838 1843 1868 1911 1891 1975 2056 2128 2200 2255 2300 2422 2454 2458 2437 2491 2524 2541 2542 2537 2521 2506 2502 2453 2386 2386 2264 2216 2179 2118 2073 2035 2051 1916 1895 1930 2036 2039 2042 2023 2015 1984 2015 1977 1997 1993 1949 1919 1932 2007 1974 1999 2009 1996 1973 1981 1999 2052 2079 2103 2145 2231 2319 2386 2277 2193 2209 2216 2154 2139 2150 2105 2099 2087 2075 2069 2061 2099 2160 2198 2243 2231 2224 2259 2256 2249 2245 2243 2239 2228 2191 2148 2041 2006 1950 1919 1888 1913 
1768 1788 1785 1789 1808 1848 1826 1860 1940 2031 2058 2101 2201 2296 2305 2408 2488 2519 2513 2518 2532 2527 2528 2523 2519 2510 2422 2365 2376 2231 2216 2151 2100 2072 2031 1937 1930 1882 1945 1928 1999 2001 1968 1947 1963 1969 1986 1973 1906 1929 1990 1985 2017 2018 2030 2016 1992 2002 2008 2017 2089 2219 2367 2453 2392 2318 2247 2194 2144 2120 2106 2082 2097 2097 2061 2061 2037 2036 2043 2061 2122 2148 2159 2164 2171 2226 2222 2281 2276 2272 2270 2228 2220 2239 2231 2231 2058 1975 1919 1923 
1737 1744 1742 1747 1753 1787 1785 1786 1796 1840 1914 2014 2117 2128 2252 2329 2383 2439 2518 2524 2518 2528 2520 2517 2531 2526 2522 2417 2405 2249 2126 2051 2038 2031 2070 2013 1978 1890 1876 1891 2033 2015 1999 1985 1958 1909 1957 1894 1934 1945 1952 2001 1990 2002 2044 2026 2010 2005 2026 2143 2237 2306 2359 2329 2266 2269 2247 2223 2207 2185 2151 2123 2101 2098 2079 2039 2014 2013 2042 2071 2085 2095 2122 2136 2142 2154 2171 2230 2279 2207 2201 2213 2196 2158 2161 2195 2009 1960 1888 1874 
1717 1744 1719 1714 1716 1742 1738 1758 1750 1773 1834 1922 2017 2069 2195 2259 2289 2366 2426 2463 2487 2471 2487 2502 2543 2543 2529 2519 2513 2289 2234 2055 2024 2042 2082 1966 1924 1959 1935 1877 1913 1979 1976 1950 1918 1938 1888 1917 1923 1941 2007 2019 2041 2075 2136 2132 2086 2017 2023 2179 2197 2228 2267 2245 2251 2179 2168 2168 2168 2139 2124 2104 2085 2109 2106 2108 2060 2016 2018 2045 2046 2054 2079 2108 2114 2136 2145 2214 2224 2162 2167 2174 2224 2178 2092 2116 2085 1961 1897 1870 
1692 1652 1657 1690 1681 1688 1738 1721 1737 1725 1765 1767 1876 1994 2108 2151 2153 2212 2239 2332 2319 2328 2457 2506 2511 2529 2489 2530 2539 2412 2269 2123 2022 2049 2016 1951 1933 1888 1904 1853 1870 1963 1921 1905 1921 1875 1896 1914 1947 1945 2104 2177 2200 2244 2248 2195 2204 2108 2092 2188 2127 2160 2231 2191 2195 2148 2101 2140 2127 2108 2109 2089 2099 2064 2061 2063 2062 2019 1999 2010 2038 2045 2051 2084 2090 2135 2170 2175 2225 2136 2131 2112 2163 2170 2129 2060 2044 1916 1884 1873 
1635 1639 1640 1656 1652 1693 1715 1697 1698 1691 1731 1719 1741 1781 1843 1955 2024 2130 2159 2176 2218 2260 2306 2396 2438 2468 2484 2418 2519 2600 2363 2144 2152 2051 1990 2014 1930 1884 1868 1860 1897 1937 1905 1889 1864 1870 1882 1967 1978 2044 2155 2192 2178 2216 2175 2200 2158 2127 2081 2152 2113 2118 2152 2141 2167 2144 2116 2103 2066 2066 2096 2086 2058 2060 2039 2026 2033 2016 2008 1976 1987 2015 2032 2066 2061 2115 2144 2182 2179 2139 2048 2105 2103 2132 2085 2017 1996 1931 1877 1850 
1662 1651 1638 1639 1638 1674 1678 1678 1674 1679 1698 1679 1700 1734 1777 1873 2031 2088 2139 2213 2281 2259 2278 2323 2367 2391 2407 2385 2382 2445 2505 2203 2015 2199 2017 1945 1994 1916 1869 1868 1837 1884 1869 1847 1888 1894 1922 1940 1952 2125 2221 2166 2124 2161 2122 2164 2135 2114 2079 2079 2080 2103 2144 2135 2117 2095 2075 2058 2038 2090 2065 2055 2048 2028 2028 2010 2001 2023 1985 1960 1994 2047 2033 2054 2074 2094 2131 2144 2143 2097 2070 2065 2059 2043 2030 2011 1975 1897 1871 1855 
1699 1694 1659 1640 1638 1639 1655 1671 1672 1672 1650 1661 1675 1681 1731 1764 1816 1910 2033 2194 2279 2330 2273 2322 2297 2292 2271 2303 2285 2294 2336 2434 2131 2184 2046 1966 1909 1948 1865 1859 1833 1846 1865 1894 1920 1969 1963 2005 2059 2136 2186 2142 2092 2154 2123 2114 2103 2095 2072 2032 2061 2036 2046 2065 2067 2057 2067 2059 2028 2036 2035 2048 2039 2019 2009 2001 2009 1995 1995 1954 1968 2020 2007 2037 2060 2067 2091 2112 2098 2070 2037 1974 2045 1950 1984 1970 1924 1921 1867 1856 
1729 1709 1682 1652 1646 1636 1638 1640 1636 1635 1635 1672 1666 1652 1688 1720 1770 1848 1945 2111 2199 2224 2245 2230 2229 2199 2226 2176 2153 2151 2220 2319 2267 1995 2121 1982 1923 1902 1863 1885 1841 1859 1915 1900 1942 1971 2043 2131 2126 2124 2123 2093 2071 2080 2091 2051 2084 2078 2070 2013 2004 2012 2039 2035 2038 2038 2023 2019 2026 2010 2019 2008 2004 1988 1989 1986 1982 1980 1962 1979 1979 1989 2006 2015 2044 2037 2070 2090 2037 2043 2059 2018 1919 1976 1921 1943 1917 1879 1850 1840 
1847 1726 1717 1696 1672 1662 1634 1637 1636 1636 1634 1634 1636 1670 1682 1693 1705 1751 1773 2008 2114 2166 2192 2168 2064 2099 2138 2157 2050 2056 2077 2220 2275 2030 2046 2061 1910 1837 1880 1824 1847 1920 1956 1980 2030 2041 2131 2134 2073 2074 2089 2085 2051 2069 2046 2071 2056 2023 2037 2037 1997 1997 2040 2026 2025 2011 2009 2008 1995 1996 1982 2001 1976 1964 1965 1962 1963 1972 1956 1947 1956 1984 1999 1990 2027 2033 2046 2067 2040 2013 2039 2016 1964 1908 1902 1873 1935 1876 1834 1836 
1833 1761 1752 1714 1724 1807 1685 1682 1653 1634 1634 1634 1659 1667 1682 1666 1685 1708 1766 1909 1995 2070 2077 1976 1969 2026 2107 2079 2016 1988 1880 1889 1919 2155 2010 2044 1921 1842 1814 1845 1912 1906 1978 2018 2058 2061 2075 2092 2047 2032 2070 2044 2017 1999 1996 2002 1989 1988 1973 1964 1972 1977 1966 1970 1972 1982 1981 1982 1981 1980 1986 1970 1972 1954 1940 1945 1944 1946 1940 1918 1944 1966 1977 1963 2002 2001 2025 2089 2007 2010 2024 1975 1949 1932 1890 1863 1933 1842 1835 1804 
1826 1888 1851 1759 1875 1957 1733 1804 1681 1670 1635 1630 1634 1646 1644 1644 1657 1679 1697 1799 1908 1903 1920 1988 2104 2073 1942 1923 1854 1909 1852 1847 1907 1938 2009 1948 1989 1813 1900 1906 1885 1982 2017 2063 2153 2181 2099 2053 2026 2019 2002 1985 2002 1978 1973 1979 1973 1963 1973 1955 1941 1933 1944 1950 1948 1950 1949 1960 1961 1964 1958 1954 1951 1947 1941 1920 1937 1921 1933 1907 1942 1944 1961 1950 1978 1980 2049 2060 1985 1960 1965 1925 1968 1938 1885 1843 1925 1850 1810 1790 
1980 2092 1834 1825 2082 1923 1950 1812 1727 1786 1687 1633 1632 1637 1688 1704 1649 1649 1659 1668 1755 1825 1902 1946 1991 2018 1918 1859 1830 1831 1829 1849 1879 1900 1859 1784 1864 1884 1978 1890 1943 1955 2006 2057 2112 2160 2133 2072 2051 2025 2005 1987 1987 1960 1965 1943 1947 1959 1951 1945 1934 1934 1931 1933 1935 1931 1932 1931 1933 1937 1932 1939 1938 1935 1927 1913 1914 1916 1919 1901 1916 1930 1946 1958 1975 2033 2033 2021 2020 1948 1930 1911 1921 1923 1868 1842 1839 1874 1787 1789 
2221 1995 1895 1976 2155 1917 1976 1781 1813 1825 1861 1646 1632 1633 1644 1755 1758 1751 1693 1660 1679 1693 1740 1828 1864 1862 1804 1863 1881 1854 1845 1838 1855 1825 1818 1851 1943 1879 1937 1992 1973 2050 2057 2093 2113 2128 2131 2091 2038 2024 1995 1979 1988 1979 1970 1958 1929 1942 1939 1941 1930 1925 1922 1916 1913 1917 1908 1910 1915 1912 1923 1921 1918 1916 1920 1910 1898 1907 1899 1901 1912 1937 1916 1956 1978 2012 1996 2014 2019 1963 1933 1909 1873 1851 1840 1856 1810 1842 1782 1792 
2154 2151 2192 2262 2135 2189 1926 1986 1903 1811 1937 1694 1622 1631 1630 1720 1770 1760 1700 1705 1676 1723 1715 1731 1725 1803 1819 1847 1849 1845 1840 1777 1762 1761 1849 1876 1927 1988 2053 2127 2050 2092 2137 2229 2188 2147 2116 2114 2082 2035 2031 2007 1995 1977 1963 1953 1938 1930 1914 1922 1931 1920 1909 1905 1901 1897 1902 1907 1890 1902 1891 1907 1908 1910 1898 1884 1884 1888 1899 1891 1922 1919 1933 1950 1982 2010 1984 2004 2021 2034 1998 1944 1913 1890 1874 1851 1833 1789 1783 1795 
2339 2351 2276 2082 2130 2049 2111 2056 1907 1818 1783 1769 1665 1633 1628 1714 1761 1750 1746 1749 1742 1687 1680 1737 1766 1773 1796 1815 1838 1834 1805 1741 1775 1841 1824 1882 1877 1947 1974 2023 2120 2152 2098 2135 2222 2272 2224 2133 2107 2073 2057 2041 2007 1986 1972 1956 1941 1928 1920 1915 1905 1902 1898 1908 1884 1888 1890 1882 1880 1862 1876 1897 1879 1896 1895 1883 1873 1870 1885 1901 1905 1894 1926 1966 1981 2002 1967 2003 2015 2039 2025 1999 1986 1977 1910 1850 1831 1782 1789 1795 
2353 2327 2121 2078 2130 2281 2313 2239 2080 1847 1772 1729 1716 1661 1630 1668 1772 1762 1792 1797 1797 1773 1767 1765 1747 1722 1773 1781 1810 1803 1820 1732 1763 1765 1816 1899 1915 1907 1883 1918 2014 2083 2099 2101 2152 2173 2182 2187 2180 2138 2102 2075 2036 2008 1980 1969 1954 1937 1925 1930 1913 1909 1897 1892 1886 1876 1875 1871 1871 1877 1880 1846 1880 1875 1881 1887 1867 1878 1886 1897 1893 1902 1916 1944 1965 1983 1945 1969 2024 2037 2064 2079 2050 1963 1956 1867 1813 1780 1786 1798 
2300 2182 2114 2185 2330 2440 2463 2296 2270 1956 1817 1752 1709 1631 1625 1671 1711 1705 1735 1753 1773 1800 1833 1812 1805 1782 1775 1692 1762 1792 1788 1736 1769 1812 1844 1859 1881 1836 1885 1917 1996 1998 2018 2064 2092 2124 2118 2165 2207 2237 2207 2201 2105 2047 2013 1992 1987 1963 1955 1942 1928 1920 1930 1906 1892 1882 1884 1899 1885 1867 1866 1870 1841 1873 1873 1861 1856 1868 1889 1901 1868 1900 1922 1940 1958 1919 1944 2000 2019 2036 2004 2030 2077 2042 1877 1825 1787 1782 1784 1809 
2152 2130 2145 2312 2239 2407 2281 2236 2387 2186 1865 1794 1735 1644 1692 1684 1673 1694 1664 1726 1735 1736 1755 1761 1765 1767 1769 1777 1719 1724 1721 1776 1801 1831 1855 1813 1811 1895 1936 1968 1981 1971 2010 2016 2029 2086 2092 2104 2180 2195 2167 2201 2245 2171 2098 2044 2006 1989 1959 1947 1959 1946 1924 1906 1919 1887 1877 1875 1867 1857 1856 1853 1858 1840 1845 1834 1865 1879 1879 1862 1893 1907 1922 1934 1940 1924 1970 2002 2021 1985 2031 1997 1939 2035 1828 1794 1777 1782 1797 1804 
2111 2116 2144 2169 2212 2186 2237 2474 2467 2080 1883 1872 1798 1641 1743 1711 1692 1717 1732 1675 1698 1713 1739 1744 1743 1741 1749 1747 1744 1774 1734 1770 1759 1770 1859 1847 1909 1873 1893 1913 1919 1962 1993 1961 1977 2037 2043 2126 2075 2078 2204 2230 2244 2179 2194 2072 2091 2027 2000 1973 1963 1936 1914 1896 1907 1896 1878 1880 1892 1881 1883 1869 1855 1852 1819 1862 1858 1859 1852 1853 1867 1890 1912 1945 1922 1906 1973 1985 1951 1991 2008 1888 1878 1976 1792 1781 1777 1787 1818 1849 
2093 2091 2147 2153 2305 2391 2480 2556 2445 2168 1954 2096 1942 1809 1808 1769 1703 1710 1706 1733 1731 1706 1724 1747 1739 1747 1749 1767 1779 1783 1765 1736 1775 1832 1835 1838 1859 1854 1899 1908 1943 1944 1953 1937 1946 1958 2011 2045 2038 2150 2161 2130 2146 2164 2198 2164 2088 2052 2004 1974 1941 1918 1903 1890 1901 1873 1886 1884 1865 1864 1854 1856 1849 1855 1836 1819 1826 1830 1850 1873 1890 1894 1905 1932 1898 1924 1932 1982 1902 1965 1986 1942 1822 1800 1776 1772 1814 1863 1828 1853 
2085 2107 2115 2141 2186 2231 2366 2511 2400 2176 2081 2218 1630 2006 1905 1838 1749 1730 1745 1737 1729 1727 1696 1703 1738 1754 1763 1788 1799 1813 1828 1814 1794 1755 1862 1885 1892 1892 1956 1921 1917 1911 1920 1892 1917 1978 1997 1996 2018 2116 2110 2160 2142 2136 2140 2150 2101 2053 2038 1983 1942 1926 1919 1924 1910 1883 1877 1853 1856 1855 1840 1832 1839 1834 1841 1834 1824 1840 1866 1877 1891 1899 1919 1923 1903 1866 1908 1891 1902 1957 1980 1957 1851 1781 1772 1781 1796 1805 1838 1835 
2065 2090 2283 2269 2185 2225 2366 2218 2267 2067 2180 2057 1825 2278 2141 1958 1772 1765 1783 1776 1776 1773 1761 1716 1747 1738 1742 1778 1817 1830 1852 1864 1857 1834 1821 1785 1774 1828 1869 1860 1831 1850 1891 1911 1943 1917 1933 1950 1965 1996 2004 2043 2148 2152 2132 2118 2129 2111 2106 2111 2006 1955 1957 1921 1916 1892 1866 1876 1847 1838 1828 1835 1822 1811 1810 1832 1829 1860 1863 1863 1876 1901 1910 1908 1852 1841 1844 1912 1900 1954 1927 1897 1798 1772 1785 1814 1827 1819 1864 1859 
2049 2111 2290 2382 2453 2481 2326 2166 2110 2101 2174 1916 1976 2267 2109 2087 1876 1812 1818 1815 1787 1759 1751 1743 1773 1775 1772 1735 1774 1759 1795 1838 1869 1876 1870 1882 1865 1811 1798 1903 1914 1944 1938 1913 1891 1892 1920 1967 1963 1992 2014 2070 2103 2111 2139 2125 2136 2153 2130 2090 2034 2007 2000 1942 1920 1897 1879 1866 1853 1841 1837 1835 1841 1845 1817 1796 1819 1834 1861 1856 1870 1883 1908 1898 1876 1830 1825 1878 1902 1921 1882 1783 1763 1775 1791 1818 1842 1855 1868 1906 
2033 2077 2277 2326 2345 2384 2368 2384 2132 2001 2066 2137 1877 2150 2088 1986 1984 1883 1886 1894 1967 1897 1845 1827 1833 1827 1784 1781 1785 1806 1824 1833 1815 1873 1901 1899 1919 1903 1866 1864 1812 1890 1922 1964 1949 1934 1935 1922 1931 1950 1995 2025 2032 2107 2136 2127 2101 2153 2133 2133 2094 2057 1983 1956 1932 1907 1894 1870 1868 1872 1843 1850 1851 1841 1844 1806 1804 1841 1826 1855 1888 1900 1915 1921 1891 1841 1825 1834 1898 1878 1769 1763 1770 1797 1818 1812 1842 1874 1907 1995 
2025 2058 2198 2116 2236 2223 2224 2270 2194 1938 1898 1635 1838 1934 2254 2218 2295 2101 2068 2021 1955 1940 1922 1893 1877 1850 1836 1826 1827 1840 1832 1885 1816 1866 1862 1930 1937 1950 1933 1898 1873 1845 1925 1963 1965 1957 1972 1961 1948 1970 1994 1979 2013 2056 2081 2082 2096 2111 2061 2058 2068 2039 2019 1990 1946 1919 1899 1885 1872 1862 1885 1858 1860 1853 1867 1827 1792 1847 1863 1893 1901 1918 1922 1901 1839 1810 1785 1857 1783 1761 1759 1779 1810 1836 1848 1846 1855 1898 1943 1962 
2028 2034 2018 2051 2061 2162 2120 2153 2108 1731 1763 2042 2057 1985 1980 2041 2065 2027 2008 1974 1952 1947 1939 1931 1890 1880 1848 1846 1856 1859 1859 1885 1847 1909 1932 1933 1939 1953 1923 1936 1889 1854 1941 1956 1971 1957 1931 1916 1933 1930 1962 1966 1992 2012 2044 2064 2051 2029 2017 2009 2004 1995 1983 2016 2006 1944 1922 1900 1883 1867 1839 1836 1855 1850 1864 1811 1805 1845 1886 1889 1914 1930 1900 1895 1906 1867 1821 1758 1775 1822 1831 1839 1809 1934 1962 1892 1871 1937 1989 2117 
2068 2048 2037 2029 2065 2055 2207 2185 1736 1788 2264 2292 2312 2290 2227 2313 2260 2181 2085 2035 2041 2024 1962 1970 1958 1941 1867 1876 1866 1864 1897 1900 1903 1862 1894 1926 1966 1955 1927 1930 1921 1873 1863 1931 1889 1935 1970 1960 1985 1969 1999 2000 1989 2023 2036 2025 2023 1997 1991 1969 1961 1955 1947 1966 1995 2016 1958 1923 1863 1846 1842 1847 1819 1790 1819 1789 1819 1884 1901 1940 1946 1957 1917 1858 1799 1773 1756 1760 1828 1865 1877 1904 1840 1954 1929 2012 1929 2001 2060 2107 
2093 2073 2071 2041 2045 1987 2085 2040 1599 1935 2289 2245 2202 2262 2376 2375 2322 2519 2334 2108 2056 2032 1997 1977 1944 1908 1883 1890 1869 1868 1876 1879 1914 1930 1931 1937 1946 1958 1958 1950 1918 1918 1907 1873 1915 1975 1988 1999 2018 2000 1987 1993 2018 2015 2018 1987 1982 1987 1947 1952 1957 1944 1928 1934 1949 1997 1966 1936 1973 1931 1862 1843 1820 1805 1777 1771 1785 1843 1882 1899 1947 1902 1870 1823 1756 1794 1832 1868 1843 1925 1868 1942 1942 1924 1977 2044 2050 2043 2143 1989 
2104 2090 2066 2060 2094 2153 1774 1599 1701 2167 2144 2181 2179 2241 2209 2217 2284 2620 2461 2359 2261 2101 2044 2024 2010 1959 1910 1906 1896 1879 1893 1916 1901 1942 1946 1961 1965 1972 1996 1960 1959 1956 1936 1920 1881 1922 1948 1943 1949 1962 1977 1982 2000 2026 2031 2029 2005 1978 1966 1936 1910 1895 1927 1900 1951 1963 1970 1954 1928 1956 1940 1902 1885 1833 1774 1799 1842 1815 1847 1906 1892 1921 1859 1810 1751 1800 1862 1933 1918 1960 1955 1990 1986 2004 2028 2060 2084 2145 1946 1916 
2122 2099 2076 2102 2112 2140 1954 1933 2153 2175 2118 2127 2148 2167 2179 2282 2472 2590 2417 2391 2335 2107 2051 2021 1986 1955 1937 1918 1900 1915 1910 1934 1925 1931 1919 1925 1931 1965 2005 1994 2008 1965 1941 1977 1910 1961 1949 1937 1954 1969 1969 1993 2006 2038 2048 2042 2035 2036 2001 1959 1940 1911 1888 1887 1911 1939 1913 1934 1909 1948 1888 1884 1868 1823 1793 1763 1773 1827 1890 1889 1824 1809 1768 1759 1765 1936 1956 1995 1962 2014 2000 2003 2064 2055 2081 2125 2104 1930 1900 1880 
2151 2119 2110 2128 2137 2195 1816 1726 2139 2188 2294 2190 2133 2166 2215 2265 2355 2535 2429 2389 2322 2193 2062 2019 2006 2010 2000 1940 1944 1937 1944 1971 1963 1923 1944 1952 1958 1941 1980 2025 1999 1979 1997 1980 1905 1950 1976 1981 1972 1993 2007 2018 2024 2046 2016 2029 2004 2028 2000 2007 1973 1945 1929 1913 1897 1913 1889 1875 1854 1879 1858 1834 1831 1798 1779 1775 1767 1767 1860 1859 1854 1753 1767 1811 1819 1880 1960 1929 2005 2054 2094 2075 2108 2137 2178 2053 1961 1932 1879 1863 
2294 2131 2180 2286 2111 1969 1762 1979 2193 2306 2539 2299 2159 2265 2286 2620 2647 2641 2547 2409 2347 2354 2204 2105 2091 2096 2117 2039 1996 2012 2013 2018 1983 1965 1961 1990 1983 1972 1987 2033 2008 2010 2005 1943 1937 1934 1973 2012 1990 2013 2025 2040 2035 1982 1965 1972 1946 1961 1958 1958 1963 1984 1952 1949 1947 1944 1927 1901 1861 1855 1838 1833 1818 1824 1822 1818 1776 1758 1756 1768 1753 1751 1776 1808 1788 1811 1834 1876 1915 1976 2003 2066 2018 2034 2018 1933 1913 1897 1880 1868 
2269 2113 1951 1911 1773 1726 1986 2264 2497 2419 2394 2221 2205 2285 2542 2499 2473 2565 2526 2415 2346 2352 2331 2292 2316 2319 2320 2288 2231 2129 2183 2085 2031 2011 2030 2019 2018 2025 2020 2044 2038 2036 2034 1939 2029 1991 1964 2032 1996 2024 2047 1980 1957 1946 1946 1948 1940 1922 1940 1929 1917 1917 1910 1900 1886 1909 1900 1936 1880 1881 1857 1852 1846 1839 1824 1780 1756 1753 1747 1751 1749 1757 1787 1838 1833 1821 1876 1887 1904 1901 1931 1951 2010 2080 2107 2072 2002 1911 1909 1941 
2288 2094 1578 1905 1824 1909 2360 2262 2348 2314 2268 2290 2448 2517 2516 2424 2400 2518 2410 2399 2350 2310 2332 2333 2372 2302 2320 2261 2332 2310 2314 2299 2237 2071 2030 2054 2037 2054 2047 2071 2092 2040 2026 1971 1996 1996 2024 2043 2050 2061 2040 1971 1943 1945 1908 1896 1894 1893 1893 1904 1881 1875 1870 1843 1830 1834 1849 1869 1870 1850 1833 1815 1789 1787 1782 1750 1744 1747 1747 1752 1816 1783 1851 1829 1887 1839 1829 1850 1887 1911 1924 1941 1987 2012 2012 2007 2002 1971 1934 1916 
2284 1870 1563 2084 2156 2218 2202 2194 2240 2171 2251 2321 2321 2354 2436 2354 2324 2392 2448 2461 2353 2296 2315 2315 2268 2264 2265 2259 2381 2283 2342 2393 2306 2230 2223 2167 2160 2109 2073 2125 2091 2014 1983 2000 2074 2057 2065 2066 2070 2079 2044 1968 1928 1948 1958 1931 1912 1893 1871 1861 1859 1861 1844 1874 1836 1800 1806 1806 1816 1842 1783 1785 1759 1744 1745 1745 1744 1759 1774 1816 1799 1803 1797 1867 1884 1861 1867 1860 1876 1872 1886 1908 1947 1954 1928 1937 1963 1912 1943 1982 
2479 2208 1872 1800 2104 2082 2142 2134 2154 2268 2268 2267 2302 2313 2305 2375 2300 2267 2324 2405 2420 2429 2285 2259 2196 2304 2222 2253 2328 2269 2409 2368 2315 2263 2223 2188 2202 2191 2166 2164 2081 2019 1992 2046 2096 2092 2092 2095 2095 2012 1991 1981 1993 1973 1942 1927 1901 1876 1886 1868 1850 1858 1844 1871 1965 1826 1784 1781 1769 1765 1758 1753 1737 1741 1743 1744 1754 1807 1845 1844 1832 1843 1815 1832 1844 1884 1897 1896 1916 1904 1967 1995 1965 1925 1897 1924 1918 1938 1867 1882 
2375 2279 2093 1725 1695 1829 1985 2173 2176 2198 2213 2228 2257 2207 2255 2303 2286 2236 2256 2282 2270 2333 2422 2303 2177 2169 2174 2280 2239 2344 2424 2352 2359 2222 2191 2171 2202 2195 2156 2155 2156 2156 2063 2042 2060 2124 2136 2069 2033 1988 2016 2008 1982 1948 1919 1912 1893 1909 1885 1938 1879 1857 1865 1868 1884 1934 1846 1803 1806 1759 1753 1739 1739 1741 1765 1781 1774 1771 1828 1871 1866 1866 1886 1873 1875 1868 1857 1874 1884 1900 1921 1962 1942 1864 1856 1852 1839 1849 1855 1833 
2087 2143 2040 1998 1661 1789 2182 2196 2199 2103 2121 2152 2138 2165 2213 2234 2236 2177 2230 2263 2177 2281 2294 2326 2357 2164 2231 2250 2375 2394 2397 2301 2340 2265 2196 2164 2229 2152 2226 2151 2169 2221 2294 2276 2152 2169 2126 2160 2149 2045 2002 1979 1954 1939 1922 1912 1913 1902 1904 1911 1932 1994 2081 1993 2016 2020 1854 1786 1764 1735 1740 1788 1838 1853 1792 1803 1784 1799 1809 1854 1879 1909 1905 1889 1887 1881 1878 1875 1873 1877 1880 1876 1876 1860 1813 1808 1804 1803 1808 1817 
1904 2003 1791 1817 1717 1762 2126 2130 2161 1949 1973 2040 2139 2223 2257 2206 2211 2133 2206 2248 2142 2226 2192 2280 2206 2160 2260 2198 2330 2336 2273 2392 2280 2375 2255 2179 2155 2136 2161 2209 2138 2222 2229 2227 2276 2266 2324 2216 2155 2142 2106 2049 1974 1954 1955 1961 1940 1995 2071 2064 2101 2111 2077 2085 2010 2017 1872 1813 1780 1735 1780 1863 1958 1955 1840 1814 1796 1815 1811 1824 1879 1924 1913 1901 1895 1890 1876 1874 1877 1870 1863 1827 1836 1815 1785 1783 1787 1793 1801 1783 
1556 1614 1563 1581 1731 2044 2110 2087 1834 1806 1833 2140 2075 2089 2125 2164 2194 2116 2213 2164 2109 2122 2172 2213 2186 2196 2304 2163 2219 2257 2280 2302 2279 2334 2368 2366 2224 2153 2144 2139 2203 2312 2236 2178 2242 2223 2286 2294 2270 2266 2093 2172 1983 2097 2187 2076 2056 2166 2150 2141 2158 2163 2124 2017 2071 1929 1888 1841 1783 1741 1812 1915 2037 2122 1974 1834 1823 1816 1831 1848 1922 1903 1883 1877 1904 1893 1883 1878 1862 1842 1822 1815 1783 1783 1788 1808 1813 1822 1822 1843 
1862 1573 1558 1721 1789 1752 1890 1785 1664 1612 1767 1992 2134 2167 2101 2156 2160 2122 2164 2170 2062 2181 2156 2196 2068 2068 2183 2230 2103 2202 2224 2212 2211 2272 2252 2237 2296 2323 2129 2111 2182 2312 2234 2135 2123 2132 2228 2246 2270 2316 2255 2176 2191 2316 2208 2162 2147 2178 2161 2090 2147 2109 2239 2084 1969 1908 1866 1837 1787 1754 1812 1933 2016 2187 2146 1925 1837 1839 1854 1873 1874 1857 1853 1845 1848 1860 1884 1823 1801 1791 1783 1777 1782 1791 1830 1839 1847 1846 1873 1868 
1707 1538 1549 1826 1855 1611 1657 1949 1972 1838 1588 1886 2041 2179 2129 2091 2025 2041 2083 2098 2144 2106 2158 2189 2215 2220 2054 2037 2071 2193 2200 2181 2221 2204 2183 2192 2220 2209 2246 2121 2190 2301 2305 2127 2116 2140 2234 2164 2283 2289 2254 2175 2201 2339 2316 2198 2137 2271 2191 2159 2046 2189 2051 1967 1950 1917 1887 1863 1804 1774 1809 1861 2030 2093 2276 2055 1894 1845 1854 1879 1859 1836 1820 1806 1815 1833 1787 1775 1776 1777 1775 1790 1807 1826 1831 1853 1869 1844 1887 1886 
1629 1688 1738 1596 1783 1820 1793 1878 1824 1563 1807 1826 2063 1817 2043 2017 2124 2001 1980 2049 2028 2071 2114 2146 2147 2154 2076 1895 2047 2103 2119 2129 2168 2190 2203 2136 2219 2153 2183 2148 2188 2202 2242 2264 2095 2181 2300 2143 2199 2217 2286 2321 2212 2181 2264 2200 2226 2151 2263 2126 2077 2012 1984 1969 1959 1946 1923 1844 1732 1759 1794 1846 1951 2289 2344 2314 1947 1871 1836 1839 1822 1838 1831 1810 1791 1775 1781 1786 1803 1821 1801 1829 1861 1876 1855 1863 1873 1851 1892 1900 
1594 1614 1659 1642 1733 1781 1827 1871 1896 1565 1746 1832 1791 1865 1907 1930 2138 2046 2116 1999 1953 2024 1999 2062 1927 1903 1912 1915 1855 2181 2014 2193 2179 2139 2127 2133 2130 2157 2154 2092 2176 2152 2157 2197 2144 2193 2201 2134 2171 2173 2182 2201 2209 2219 2163 2120 2156 2140 2104 2088 2058 2026 1998 1989 1964 1912 1869 1783 1748 1721 1785 1875 1992 1986 2140 2302 2240 2053 1875 1818 1803 1826 1820 1794 1772 1777 1796 1813 1811 1837 1825 1848 1860 1898 1901 1891 1868 1877 1871 1925 
1698 1655 1662 1650 1673 1720 1761 1806 1780 1716 1614 1712 1734 1831 1936 1992 1971 1885 2010 2062 1954 1815 1979 1745 1717 1714 1617 1720 1873 1981 1989 1976 2073 2175 2158 2094 2077 2086 2074 2096 2107 2133 2142 2126 2132 2106 2193 2129 2190 2116 2114 2122 2136 2128 2098 2115 2164 2042 2061 2037 2028 2024 2006 1957 1905 1897 1826 1778 1734 1717 1770 1867 1937 2218 2263 2275 2270 2007 1898 1841 1777 1773 1773 1769 1768 1788 1826 1845 1815 1842 1851 1836 1874 1923 1915 1918 1918 1897 1867 1925 
1774 1697 1681 1667 1687 1724 1722 1725 1746 1781 1776 1650 1800 1923 1774 1765 1709 1705 1865 1881 1935 2002 1620 1894 1907 1973 1971 1756 1778 1824 1641 1658 1887 2008 2114 2118 2069 2172 2125 2117 2064 2125 2093 2057 2061 2060 2095 2103 2105 2114 2091 2095 2098 2105 2043 2040 2132 2116 2026 1991 1996 1980 1969 1937 1936 1896 1786 1757 1719 1713 1847 1875 1909 2102 2095 2210 2247 2030 1905 1866 1767 1782 1799 1806 1830 1815 1861 1877 1839 1844 1872 1844 1863 1927 1957 1946 1901 1883 1894 1886 
1728 1792 1797 1745 1760 1760 1699 1655 1625 1693 1633 1570 1824 1678 1581 1850 1713 1586 1827 1881 1644 1677 1770 1774 1947 1961 1940 1914 1637 1758 2000 2021 1702 1819 1890 1868 2156 2054 1948 2077 2161 2043 2108 1975 1976 2153 2132 2128 2093 2125 2018 1987 1981 2017 2008 2055 2032 1985 1962 1937 1938 1951 1936 1926 1949 1855 1761 1719 1711 1749 1808 1852 1893 2006 2147 2157 2182 2163 2071 1864 1769 1769 1802 1808 1845 1840 1862 1876 1848 1849 1882 1876 1859 1874 1902 1944 1915 1929 1911 1890 
1982 2013 2049 1858 1752 1745 1682 1690 1679 1689 1671 1572 1736 1567 1733 1838 1596 1624 1801 1700 1719 1654 1774 1821 1889 1897 1906 1969 1988 1879 1920 1940 2002 1943 1651 1795 1768 1788 1750 1855 1860 2073 1863 1844 1894 2060 2079 2073 2095 2085 1893 1813 1834 1788 2026 1997 1971 1980 1892 1849 1918 1879 1818 1895 1889 1867 1771 1711 1711 1723 1775 1882 1881 1922 1960 2081 2010 2021 1987 1860 1818 1799 1826 1817 1860 1854 1878 1877 1851 1835 1893 1876 1879 1876 1890 1903 1912 1938 1909 1913 
1941 1957 1975 1974 1844 1730 1802 1805 1767 1816 1687 1667 1659 1712 1615 1765 1788 1583 1591 1590 1814 1839 1814 1768 1820 1907 1933 1903 1985 2011 2041 2025 2016 1985 2006 1976 2012 1935 1690 1654 1667 1870 1688 1769 1747 1986 1965 2018 2007 1999 1787 1736 1861 1888 1948 1975 1938 1832 1766 1862 1798 1802 1811 1775 1807 1764 1735 1709 1710 1722 1744 1763 1791 1824 1964 2035 1859 2024 2041 1896 1852 1835 1865 1842 1848 1851 1882 1904 1851 1852 1933 1905 1897 1893 1913 1911 1920 1927 1906 1928 
2052 2007 2039 2039 1816 1812 1856 1891 1915 1923 1827 1796 1847 1660 1705 1743 1799 1802 1808 1755 1784 1804 1759 1854 1869 1847 1880 1883 1956 1979 2008 1974 2015 2051 2034 2033 2033 1978 1942 1925 1967 1673 1954 1960 1696 1802 1943 1969 1939 1892 1721 1952 1975 1961 1921 1903 1768 1728 1807 1763 1771 1768 1750 1770 1742 1727 1711 1709 1709 1716 1711 1712 1711 1716 1787 1807 1930 2001 2013 1994 1931 1845 1874 1862 1869 1860 1873 1903 1872 1854 1933 1933 1919 1908 1918 1932 1951 1931 1921 1924 
2317 2328 2274 2289 2321 2134 2123 2078 2097 2158 2156 2017 1827 1679 1872 2068 2090 1997 2009 1927 1866 1919 1939 1903 1899 1871 1893 1953 1959 2022 2022 2026 2047 2056 2031 1997 2003 1958 1929 1990 2004 1986 1983 1974 1972 1952 1873 1708 1720 1938 1949 1956 1962 1941 1873 1773 1724 1739 1709 1719 1723 1727 1726 1725 1715 1712 1714 1722 1746 1774 1772 1764 1795 1787 1747 1810 1908 1949 1965 2010 1999 1885 1887 1888 1903 1875 1918 1927 1893 1868 1914 1960 1933 1917 1931 1972 1926 1910 1911 1912 
2332 2347 2358 2359 2304 2168 2353 2446 2517 2593 2603 2318 2158 1818 2113 2286 2368 2224 2156 2107 2095 2155 2109 2079 2108 1980 2120 2147 2260 2219 2233 2120 2221 2249 2127 2082 2105 2110 2075 2128 2095 2146 2059 2083 2077 1965 1929 1946 1941 1951 1947 1949 1917 1853 1763 1772 1861 1751 1721 1707 1710 1706 1707 1709 1711 1724 1757 1771 1787 1773 1809 1827 1818 1822 1792 1799 1936 1964 1924 1973 1944 1916 1911 1898 1927 1900 1925 1941 1893 1891 1873 1901 1957 1923 1933 1921 1917 1912 1912 1928 
2347 2360 2368 2347 2235 2280 2382 2449 2518 2545 2477 2440 2274 2004 2186 2293 2312 2352 2471 2523 2446 2357 2404 2441 2443 2175 2461 2491 2532 2457 2500 2430 2414 2398 2356 2313 2397 2351 2272 2229 2246 2215 2183 2150 2046 2063 2045 2091 2039 2028 1943 1937 1851 1784 1785 1873 1794 1810 1759 1730 1724 1729 1739 1754 1764 1763 1752 1805 1825 1805 1827 1892 1977 1888 1840 1855 1828 1926 1889 1881 1943 1924 1902 1923 1944 1928 1943 1943 1934 1917 1913 1881 1944 1955 1914 1909 1909 1927 1944 1979 
2380 2391 2356 2333 2340 2396 2401 2473 2493 2469 2464 2388 2171 1971 2088 2268 2204 2244 2292 2364 2500 2525 2416 2369 2245 2380 2392 2560 2654 2585 2482 2474 2360 2321 2319 2306 2306 2294 2263 2255 2259 2207 2176 2131 2088 2128 2094 2044 2065 2015 1962 1906 1933 1847 1782 1878 1807 1813 1779 1775 1742 1761 1831 1784 1779 1761 1770 1824 1868 1947 1909 1928 1997 1967 1921 1943 1854 1837 1904 1907 1914 1915 1915 1923 1951 1956 1988 1947 1973 1961 1909 1895 1919 1924 1913 1914 1916 1962 1933 1916 
2388 2370 2413 2426 2413 2458 2532 2508 2419 2494 2245 2303 2089 2235 2225 2334 2184 2273 2341 2348 2421 2402 2369 2353 2280 2321 2431 2572 2512 2571 2420 2360 2331 2333 2308 2275 2257 2237 2215 2201 2185 2234 2194 2140 2192 2127 2072 2049 2111 2083 2014 1984 1940 1856 1809 1882 1849 1835 1801 1796 1777 1778 1813 1804 1764 1774 1819 1861 1956 2014 2020 2018 2018 2015 1986 1975 1880 1854 1890 1931 1945 1944 1939 1941 1947 1977 2008 1970 1963 1970 1967 1931 1910 1917 1933 1939 1948 1957 1949 1905 
2466 2440 2438 2477 2493 2463 2377 2410 2378 2297 2276 2092 2276 2187 2219 2245 2252 2297 2315 2353 2409 2394 2380 2352 2281 2481 2409 2558 2364 2365 2529 2469 2368 2309 2281 2265 2243 2228 2256 2191 2179 2158 2174 2159 2161 2142 2124 2097 2093 2077 2088 2051 1904 1826 1845 1916 1898 1890 1810 1874 1883 1842 1835 1809 1780 1822 1841 1898 1989 2013 2027 2031 2031 2031 2004 1994 1914 1875 1873 1885 1942 1973 1964 1971 1986 1971 2025 1991 1987 1971 1994 1938 1922 1966 2013 1951 1933 1932 1920 1962 
2403 2418 2363 2448 2365 2409 2304 2275 2265 2203 2224 2215 2222 2194 2204 2314 2380 2411 2395 2375 2381 2349 2402 2323 2291 2395 2333 2475 2383 2331 2457 2456 2475 2445 2306 2261 2246 2231 2204 2228 2186 2167 2126 2159 2136 2148 2165 2107 2121 2067 2082 2095 1975 1850 1948 1953 1862 1878 1855 1922 1882 1888 1888 1826 1839 1830 1822 1914 1905 1952 1992 2021 2038 2048 2007 1973 1958 1913 1911 1887 1936 1990 1990 1988 2029 2018 2038 2023 2026 2004 1996 1945 1981 1990 1983 2016 2000 1955 1943 1985 
2360 2374 2348 2333 2316 2257 2245 2223 2202 2201 2201 2162 2147 2170 2193 2283 2309 2370 2377 2349 2371 2368 2328 2308 2297 2335 2271 2276 2282 2239 2311 2409 2379 2404 2375 2291 2244 2224 2216 2196 2165 2139 2135 2098 2100 2136 2140 2088 2066 2051 2068 2066 1991 1887 1942 1946 1894 1906 1968 1987 1896 1943 1878 1897 1883 1899 1898 1871 1854 1875 1912 1950 2012 2066 2063 1994 1986 1980 1950 1918 1928 1959 2025 2064 2035 2096 2111 2085 2108 2059 2029 1977 2018 2025 1998 2063 2106 1974 2022 1937 
2326 2304 2298 2276 2252 2246 2235 2221 2207 2171 2197 2201 2212 2208 2184 2174 2229 2272 2307 2316 2316 2292 2254 2276 2261 2240 2252 2299 2329 2205 2214 2304 2405 2393 2332 2279 2285 2244 2213 2208 2187 2122 2133 2085 2080 2090 2089 2074 2024 2030 2006 2097 1978 1913 2019 1934 2048 2002 2018 2008 1975 1926 1922 1938 1906 1913 1893 1896 1943 1931 1907 1970 2009 2053 2067 2030 1996 1991 1978 1970 1978 1992 2039 2071 2069 2109 2187 2195 2172 2143 2061 2055 2094 2052 2105 2036 1998 2057 2057 1978 
2338 2338 2321 2295 2282 2239 2228 2213 2210 2208 2226 2217 2216 2215 2194 2217 2221 2197 2224 2278 2270 2247 2252 2236 2227 2230 2241 2233 2233 2199 2201 2246 2336 2309 2231 2293 2270 2193 2194 2167 2125 2107 2081 2064 2039 2048 2020 1993 1976 1981 2024 2084 2007 2050 1989 1962 1968 2051 2042 2032 2008 1968 1964 1969 1902 1965 1959 1940 1941 1965 1943 1958 1997 2039 2057 2061 2024 2022 2087 2045 2110 2118 2163 2151 2099 2159 2293 2254 2177 2157 2164 2163 2157 2181 2092 2027 1993 2085 2072 2053 
2342 2327 2316 2263 2249 2251 2233 2220 2225 2234 2251 2238 2266 2213 2205 2220 2219 2243 2300 2281 2271 2247 2337 2300 2324 2276 2282 2315 2282 2246 2194 2193 2169 2160 2155 2142 2158 2216 2171 2145 2110 2135 2112 2052 2062 2025 2016 1973 1971 1987 2032 2014 2088 2055 2001 2062 2040 2003 1931 1933 1987 2010 1995 1942 1932 1949 1984 1990 1995 1991 1972 1975 2009 2049 2100 2154 2091 2119 2029 2057 2037 2053 2037 2027 2102 2094 2186 2194 2175 2111 2113 2108 2119 2093 2046 2016 2012 2081 2003 2037 
2274 2253 2253 2317 2271 2239 2247 2224 2254 2270 2281 2292 2254 2251 2255 2261 2249 2307 2303 2358 2360 2363 2395 2402 2367 2345 2345 2405 2447 2265 2326 2240 2223 2191 2232 2225 2172 2115 2097 2114 2088 2087 2098 2044 2021 1993 1956 1914 1909 1974 1964 1942 2144 2028 1966 1943 1991 1971 1896 1877 1901 1911 1983 1963 1970 1953 1937 1973 1994 2011 2058 2050 2054 2115 2146 2110 2106 2082 2004 2009 1984 1972 2035 2030 2027 2053 2072 2130 2073 2025 1984 2067 2164 2082 2133 2066 2031 2022 2004 2087 
2171 2168 2191 2248 2223 2246 2281 2289 2333 2372 2404 2399 2309 2339 2341 2298 2291 2271 2307 2304 2293 2281 2327 2396 2412 2423 2431 2444 2422 2364 2323 2345 2306 2224 2295 2214 2159 2216 2174 2119 2119 2112 2119 2142 2104 2023 1989 1884 1886 1851 1873 1970 1985 1999 1949 1898 1905 1869 1847 1846 1864 1868 1894 1900 1990 1955 1914 1915 1943 2000 2012 1977 2016 2016 2025 2005 2044 1986 1942 1949 1933 2031 1966 2017 2012 2059 2007 2029 2009 1970 2017 2068 2143 2198 2079 2159 2156 2014 2035 2058 
2168 2225 2262 2270 2334 2305 2330 2359 2308 2342 2400 2436 2425 2444 2472 2434 2360 2299 2319 2310 2307 2317 2313 2345 2370 2406 2416 2426 2438 2471 2375 2460 2399 2316 2314 2247 2200 2243 2188 2149 2125 2036 2010 2001 2001 1942 1913 1895 1905 1867 1827 1857 1890 1899 1854 1849 1845 1825 1820 1828 1819 1838 1850 1883 1862 1855 1849 1872 1888 1965 1921 1934 1989 1957 1972 2002 2016 1949 1949 1911 1944 2002 1937 1974 1998 2002 1965 1946 1964 1919 1966 1979 1981 2157 2136 2188 2080 2081 2077 2147 
2120 2102 2091 2162 2212 2330 2371 2326 2365 2376 2418 2395 2457 2488 2523 2428 2373 2350 2347 2318 2336 2332 2309 2320 2342 2366 2361 2373 2383 2420 2452 2415 2481 2267 2172 2229 2312 2292 2289 2186 2164 2109 2033 1988 1985 1966 1928 1977 1931 1848 1814 1826 1843 1810 1808 1830 1861 1813 1800 1802 1808 1836 1825 1842 1838 1817 1857 1902 1935 1959 1885 1951 1979 1942 1988 1984 2038 1991 1966 1913 1913 1954 1918 1929 1958 1985 1950 1910 1938 1902 1935 1923 1967 2035 2244 2208 2189 2172 2217 2160 
1978 1971 2021 2096 2121 2232 2307 2362 2387 2407 2422 2473 2483 2544 2497 2463 2470 2458 2424 2359 2340 2321 2348 2324 2348 2363 2213 2295 2311 2315 2377 2279 2204 2149 2116 2137 2126 2203 2163 2112 2163 2153 2108 2051 1984 2000 1936 1987 1900 1868 1857 1786 1812 1800 1795 1818 1848 1819 1784 1787 1807 1829 1808 1805 1798 1864 1893 1914 1906 1929 1917 2033 1951 1895 2001 1935 2010 1984 1940 1899 1873 1888 1917 1917 1934 1907 1896 1903 1918 1877 1902 1930 1944 2016 2254 2185 2160 2119 2281 2194 
1899 1966 2023 2104 2151 2210 2253 2310 2374 2456 2493 2524 2499 2508 2528 2551 2578 2518 2329 2210 2341 2347 2361 2358 2366 2174 2144 2142 2160 2162 2155 2147 2121 2108 2090 2085 2091 2056 2031 1992 1971 2134 2120 2071 2018 1950 1956 1886 1940 1899 1816 1798 1786 1780 1796 1799 1823 1811 1776 1787 1790 1790 1789 1787 1799 1858 1862 1874 1860 1864 1929 2011 1921 1901 1933 1946 1952 2026 1987 1934 1885 1867 1882 1870 1909 1905 1870 1868 1898 1860 1873 1900 1937 2014 2129 2218 2345 2219 2235 2143 
1848 1942 2025 2069 2146 2216 2267 2294 2341 2364 2424 2517 2490 2495 2525 2519 2489 2477 2300 2135 2312 2219 2277 2301 2132 2128 2145 2079 2143 2135 2130 2102 2084 2071 2060 2047 2039 2027 2007 1975 1947 1935 2008 2088 2033 1982 1974 1914 1868 1884 1825 1786 1776 1768 1788 1782 1792 1805 1773 1761 1783 1783 1772 1766 1799 1819 1817 1852 1821 1854 1932 1886 1886 1938 2035 2004 1945 1904 1985 1949 1885 1881 1843 1859 1867 1905 1891 1860 1873 1840 1854 1915 1923 1981 2089 2409 2345 2340 2310 2249 
1916 1954 1975 2072 2150 2185 2248 2319 2345 2367 2396 2398 2427 2407 2434 2448 2394 2268 2193 2126 2013 2011 2037 2069 2086 2043 2012 2107 2083 2065 2072 2048 2042 1987 1968 1959 1964 1959 1930 1951 1939 1899 1903 2003 2052 1979 1922 1911 1859 1825 1828 1803 1822 1761 1769 1773 1769 1774 1779 1757 1757 1774 1760 1757 1789 1808 1784 1798 1788 1810 1816 1892 1957 2114 2055 2065 1993 1916 1889 1977 1915 1872 1882 1836 1856 1882 1876 1828 1857 1830 1882 1882 1922 1955 2182 2178 2298 2353 2351 2348 
1837 1961 1944 2030 2116 2173 2172 2168 2156 2186 2255 2158 2222 2272 2300 2267 2280 2182 2073 2068 1940 1950 1993 2044 2080 2002 2060 2038 1997 1951 1935 1922 1911 1853 1842 1822 1846 1845 1851 1896 1907 1891 1870 2004 2042 1992 1962 1910 1860 1881 1828 1768 1774 1749 1783 1764 1763 1763 1769 1734 1729 1766 1773 1758 1771 1798 1762 1784 1775 1792 1882 1944 1972 2097 1964 2050 1950 1903 1895 1887 1910 1866 1822 1835 1822 1849 1834 1849 1839 1819 1850 1881 1880 1909 2093 2047 2219 2217 2312 2291 
1969 1992 2007 1996 2009 2023 2034 2023 2120 2021 2083 2096 2116 2151 2110 2163 2042 2102 2049 1945 1969 1903 1942 1990 2037 1985 2021 1967 1932 2040 1992 1913 1923 1783 1867 1879 1910 1866 1870 1788 1830 1858 1861 2060 2030 2019 1979 1894 1841 1816 1792 1762 1757 1746 1768 1754 1744 1750 1741 1743 1722 1758 1762 1738 1764 1780 1748 1762 1788 1792 1839 2017 2023 1994 1933 2009 1994 1906 1871 1882 1923 1843 1811 1802 1806 1833 1809 1802 1805 1821 1835 1846 1896 1947 2065 2036 2164 2127 2279 2122 
1933 1985 1978 1964 1992 1978 1998 2003 2008 2020 2039 2037 1986 2044 1988 1988 2008 2107 2007 1971 1966 1883 1891 1870 1877 1866 1882 1871 1839 2025 1972 1957 1875 1805 1756 1754 1765 1766 1771 1831 1767 1815 1938 2041 1991 1984 1957 1871 1885 1886 1844 1769 1749 1733 1775 1785 1737 1722 1729 1741 1715 1749 1740 1729 1748 1755 1736 1742 1773 1775 1835 1875 2060 1936 1950 1918 1897 1861 1825 1870 1835 1825 1792 1809 1784 1797 1798 1797 1812 1843 1859 1885 1960 2015 1942 2031 2036 2002 2205 2050 
1919 1954 1943 1917 1964 1963 1936 1965 1929 1995 1996 1986 1949 1959 1928 1933 1979 1961 1941 1915 1889 1880 1851 1830 1846 1805 1853 1829 1918 1922 1896 1869 1861 1804 1799 1739 1730 1736 1731 1735 1779 1836 1908 1930 1909 1950 1914 1861 1948 1884 1842 1766 1738 1731 1762 1785 1759 1743 1726 1720 1717 1727 1753 1719 1731 1748 1740 1744 1787 1769 1795 1856 2024 1984 2020 1913 1881 1832 1850 1810 1793 1798 1818 1776 1779 1797 1802 1789 1802 1855 1894 1875 1881 1908 1987 1931 2035 1970 2123 1980 
1896 1909 1903 1872 1922 1913 1927 1893 1922 1936 1924 1932 1913 1897 1887 1893 1822 1876 1879 1852 1822 1820 1827 1812 1797 1790 1780 1770 1789 1778 1795 1805 1765 1806 1740 1727 1716 1711 1721 1724 1732 1763 1807 1813 1855 1864 1865 1866 1845 1830 1808 1756 1747 1740 1738 1752 1789 1757 1723 1706 1719 1711 1744 1736 1717 1743 1723 1732 1749 1782 1838 2017 1969 1957 1928 1906 1873 1867 1822 1800 1785 1783 1818 1774 1780 1825 1830 1820 1830 1825 1851 1845 1865 1870 1906 1921 1916 1957 1984 1930 
1825 1827 1865 1840 1871 1851 1867 1872 1883 1893 1878 1845 1828 1880 1837 1805 1789 1777 1783 1788 1790 1811 1851 1830 1799 1780 1765 1755 1746 1740 1741 1744 1723 1734 1717 1714 1704 1702 1705 1702 1718 1747 1742 1759 1770 1812 1848 1836 1833 1786 1766 1750 1735 1740 1719 1730 1755 1783 1735 1725 1695 1707 1720 1722 1707 1712 1740 1762 1778 1861 2012 2007 1995 1952 1922 1871 1895 1882 1850 1816 1786 1771 1769 1767 1777 1812 1846 1846 1836 1808 1846 1879 1844 1850 1893 1907 1892 1879 1937 1899 
1788 1795 1795 1803 1814 1831 1821 1824 1829 1827 1827 1820 1795 1792 1775 1758 1762 1776 1781 1772 1799 1829 1850 1814 1798 1777 1764 1771 1755 1752 1738 1724 1723 1712 1703 1697 1699 1696 1690 1701 1711 1713 1727 1730 1733 1742 1760 1757 1753 1758 1766 1761 1754 1738 1719 1719 1736 1769 1744 1726 1708 1695 1711 1723 1708 1727 1816 1802 1813 1877 1995 1959 1928 1902 1895 1869 1850 1879 1868 1839 1812 1772 1766 1764 1785 1837 1793 1792 1788 1793 1816 1830 1845 1887 1890 1893 1836 1874 1877 1891 
1767 1769 1779 1787 1795 1813 1804 1804 1809 1807 1802 1797 1783 1772 1775 1757 1738 1739 1756 1766 1801 1834 1818 1807 1785 1775 1765 1764 1747 1732 1759 1749 1734 1719 1708 1691 1700 1684 1685 1686 1689 1699 1709 1715 1716 1729 1734 1732 1744 1746 1740 1737 1735 1741 1743 1707 1715 1728 1762 1721 1714 1700 1699 1692 1743 1756 1778 1935 2006 2046 1987 1967 1946 1925 1868 1861 1831 1826 1906 1863 1807 1786 1760 1763 1777 1792 1777 1787 1807 1802 1801 1794 1808 1826 1841 1835 1848 1904 1957 1920 
1754 1779 1808 1803 1787 1802 1788 1806 1821 1830 1829 1797 1797 1811 1770 1767 1744 1722 1785 1818 1843 1818 1797 1788 1772 1762 1764 1755 1755 1748 1725 1721 1720 1750 1723 1715 1694 1687 1702 1710 1733 1729 1777 1760 1741 1741 1729 1742 1744 1758 1734 1734 1721 1727 1715 1726 1710 1716 1701 1710 1705 1709 1686 1720 1733 1753 1920 1931 1974 2039 2030 2046 1955 1910 1868 1840 1831 1821 1890 1858 1835 1817 1739 1758 1763 1760 1769 1792 1832 1842 1816 1810 1830 1821 1831 1848 1876 1867 1891 1943 
1748 1768 1782 1775 1771 1773 1794 1791 1819 1820 1793 1775 1755 1780 1784 1751 1761 1711 1735 1791 1876 1856 1832 1810 1798 1783 1779 1780 1770 1742 1764 1761 1732 1727 1705 1700 1690 1696 1675 1724 1726 1719 1767 1766 1780 1813 1867 1815 1784 1778 1761 1746 1739 1731 1732 1711 1707 1697 1698 1707 1685 1678 1679 1695 1716 1742 1789 1831 1868 2030 1972 2042 2037 1945 1924 1855 1799 1823 1799 1900 1865 1813 1742 1774 1794 1793 1795 1787 1791 1830 1854 1838 1874 1865 1831 1839 1885 1901 1947 1961 
1760 1744 1749 1757 1796 1809 1800 1816 1832 1804 1775 1740 1723 1765 1762 1714 1736 1715 1765 1793 1897 1851 1800 1858 1833 1807 1802 1782 1768 1796 1794 1773 1735 1724 1704 1696 1707 1697 1676 1671 1701 1695 1705 1709 1726 1749 1808 1826 1814 1822 1835 1805 1844 1813 1804 1763 1746 1737 1739 1725 1731 1701 1668 1690 1710 1824 1754 1758 1845 1857 1961 1991 2067 1972 1887 1825 1820 1816 1784 1860 1775 1739 1754 1801 1882 1854 1823 1800 1815 1832 1860 1856 1866 1862 1841 1846 1864 1930 1935 1951 
1734 1745 1763 1785 1790 1816 1833 1783 1761 1741 1754 1738 1713 1739 1768 1715 1689 1723 1751 1824 1799 1759 1781 1858 1895 1849 1842 1796 1828 1806 1789 1784 1755 1729 1742 1709 1695 1684 1679 1657 1678 1681 1718 1764 1751 1779 1760 1770 1751 1730 1763 1795 1818 1837 1825 1810 1847 1792 1808 1834 1777 1723 1666 1672 1736 1701 1693 1683 1734 1803 1860 1900 1999 2003 1884 1871 1878 1831 1762 1779 1718 1804 1824 1781 1882 1839 1861 1825 1827 1882 1888 1889 1864 1851 1860 1875 1939 1945 2007 1995 
1745 1771 1789 1768 1788 1808 1815 1798 1762 1733 1736 1740 1701 1756 1712 1687 1700 1751 1802 1798 1752 1730 1775 1809 1893 1902 1875 1839 1824 1806 1780 1779 1778 1762 1739 1730 1732 1703 1682 1649 1664 1671 1711 1720 1737 1744 1736 1752 1748 1711 1695 1693 1720 1734 1710 1700 1715 1740 1761 1669 1672 1707 1694 1709 1714 1747 1757 1751 1689 1712 1804 1839 1855 1878 1805 1785 1817 1754 1707 1714 1783 1802 1792 1838 1790 1833 1847 1842 1865 1933 1896 1885 1886 1858 1879 1884 1928 1984 2056 2205 
1753 1820 1742 1788 1791 1814 1857 1804 1795 1778 1704 1688 1691 1753 1703 1713 1712 1781 1798 1794 1718 1747 1793 1851 1931 1924 1896 1894 1863 1836 1791 1755 1771 1755 1763 1725 1701 1688 1672 1648 1698 1690 1668 1686 1693 1709 1700 1734 1731 1689 1700 1674 1683 1683 1654 1652 1662 1678 1659 1700 1726 1746 1718 1764 1781 1783 1772 1791 1695 1701 1749 1752 1751 1726 1738 1715 1759 1692 1767 1778 1788 1770 1778 1766 1776 1806 1805 1824 1868 1894 1887 1921 1893 1898 1949 1985 2087 2183 2228 2248 
1720 1737 1786 1856 1850 1856 1853 1847 1808 1771 1778 1695 1663 1710 1668 1721 1756 1748 1723 1696 1704 1726 1800 1877 1876 1958 1916 1873 1835 1814 1820 1755 1737 1771 1744 1739 1705 1661 1641 1659 1686 1709 1689 1660 1649 1674 1678 1689 1655 1637 1666 1698 1694 1704 1694 1700 1711 1724 1744 1756 1742 1797 1812 1796 1811 1822 1799 1761 1735 1691 1678 1705 1683 1705 1716 1716 1716 1690 1770 1759 1742 1775 1797 1826 1823 1817 1832 1847 1859 1866 1881 1915 1960 2038 2155 2150 2185 2143 2201 2230 

